   1    -1   9    1   0.0000000000E+00   8.6620200225E+01   1.6571542621E-01   1.6571542621E-01   8.6614776611E+01   9.3806046247E-01   6.8402297795E-02  -4.6679027557E+01
   1    -2   0    0   3.9544128565E-03   8.6673123912E+01   1.6614859222E-01   1.6647244551E-01   8.6667710100E+01   9.3726120911E-01   6.8247722213E-02  -4.6679027557E+01
   1    -3   0    0   4.2173500148E-03   8.6673849625E+01   1.6618042818E-01   1.6654915407E-01   8.6668436531E+01   9.3717989252E-01   6.8245681994E-02  -4.6679027557E+01
   1    -4   0    0   4.4220204768E-03   8.6674168264E+01   1.6620547577E-01   1.6661118863E-01   8.6668755735E+01   9.3711408697E-01   6.8244818865E-02  -4.6679027557E+01
   1    -5   0    0   4.7722089892E-03   8.6674211090E+01   1.6624887517E-01   1.6672207145E-01   8.6668799540E+01   9.3699636476E-01   6.8244820933E-02  -4.6679027557E+01
   1    -6   0    0   4.8964893700E-03   8.6674073205E+01   1.6626444295E-01   1.6676286858E-01   8.6668662006E+01   9.3695301927E-01   6.8245272319E-02  -4.6679027557E+01
   1    -7   0    0   4.9473042003E-03   8.6673993654E+01   1.6627083323E-01   1.6677976820E-01   8.6668582599E+01   9.3693505898E-01   6.8245525100E-02  -4.6679027557E+01
   1    -8   0    0   4.9930971198E-03   8.6673910425E+01   1.6627660445E-01   1.6679510664E-01   8.6668499500E+01   9.3691875532E-01   6.8245786869E-02  -4.6679027557E+01
   1    -9   0    0   5.0349893958E-03   8.6673824697E+01   1.6628189444E-01   1.6680922908E-01   8.6668413891E+01   9.3690374201E-01   6.8246054572E-02  -4.6679027557E+01
   1   -10   0    0   5.0921695481E-03   8.6673692881E+01   1.6628913092E-01   1.6682864506E-01   8.6668282239E+01   9.3688309789E-01   6.8246463547E-02  -4.6679027557E+01
   1   -11   0    0   5.1684499495E-03   8.6673490402E+01   1.6629881342E-01   1.6685479816E-01   8.6668079978E+01   9.3685528435E-01   6.8247087542E-02  -4.6679027557E+01
   1   -12   0    0   5.2364232658E-03   8.6673284288E+01   1.6630746924E-01   1.6687834568E-01   8.6667874060E+01   9.3683023576E-01   6.8247719202E-02  -4.6679027557E+01
   1   -13   0    0   5.2982437728E-03   8.6673075785E+01   1.6631536429E-01   1.6689996049E-01   8.6667665736E+01   9.3680723805E-01   6.8248355652E-02  -4.6679027557E+01
   1   -14   0    0   5.3823182901E-03   8.6672760006E+01   1.6632613619E-01   1.6692966044E-01   8.6667350200E+01   9.3677563005E-01   6.8249316079E-02  -4.6679027557E+01
   1   -15   0    0   5.4942381218E-03   8.6672281922E+01   1.6634053809E-01   1.6696974210E-01   8.6666872441E+01   9.3673295893E-01   6.8250764554E-02  -4.6679027557E+01
   1   -16   0    0   5.5939248176E-03   8.6671800476E+01   1.6635342590E-01   1.6700596805E-01   8.6666391286E+01   9.3669437834E-01   6.8252218487E-02  -4.6679027557E+01
   1   -17   0    0   5.6846231997E-03   8.6671316817E+01   1.6636520096E-01   1.6703935863E-01   8.6665907893E+01   9.3665880542E-01   6.8253675684E-02  -4.6679027557E+01
   1   -18   0    0   5.8080711927E-03   8.6670588515E+01   1.6638130341E-01   1.6708546725E-01   8.6665179956E+01   9.3660966430E-01   6.8255865218E-02  -4.6679027557E+01
   1   -19   0    0   5.9726165909E-03   8.6669491935E+01   1.6640290245E-01   1.6714811471E-01   8.6664083864E+01   9.3654286142E-01   6.8259154284E-02  -4.6679027557E+01
   1   -20   0    0   6.1193777582E-03   8.6668392188E+01   1.6642229847E-01   1.6720514097E-01   8.6662984556E+01   9.3648201736E-01   6.8262446354E-02  -4.6679027557E+01
   1   -21   0    0   6.2530513700E-03   8.6667290342E+01   1.6644007302E-01   1.6725802848E-01   8.6661883112E+01   9.3642555911E-01   6.8265740003E-02  -4.6679027557E+01
   1   -22   0    0   6.4351774360E-03   8.6665634889E+01   1.6646445683E-01   1.6733154368E-01   8.6660228212E+01   9.3634703250E-01   6.8270682007E-02  -4.6679027557E+01
   1   -23   0    0   6.6005356539E-03   8.6663977210E+01   1.6648676269E-01   1.6739975235E-01   8.6658571039E+01   9.3627412424E-01   6.8275624855E-02  -4.6679027557E+01
   1   -24   0    0   6.8252215543E-03   8.6661487876E+01   1.6651732737E-01   1.6749467309E-01   8.6656082399E+01   9.3617258350E-01   6.8283039672E-02  -4.6679027557E+01
   1   -25   0    0   7.0287505446E-03   8.6658996226E+01   1.6654526968E-01   1.6758289455E-01   8.6653591383E+01   9.3607812583E-01   6.8290454527E-02  -4.6679027557E+01
   1   -26   0    0   7.2160853591E-03   8.6656502953E+01   1.6657120459E-01   1.6766598722E-01   8.6651098700E+01   9.3598908600E-01   6.8297869194E-02  -4.6679027557E+01
   1   -27   0    0   7.4736243355E-03   8.6652760878E+01   1.6660719837E-01   1.6778319435E-01   8.6647357445E+01   9.3586336883E-01   6.8308990783E-02  -4.6679027557E+01
   1   -28   0    0   7.7092193508E-03   8.6649016943E+01   1.6664047176E-01   1.6789345021E-01   8.6643614269E+01   9.3574497816E-01   6.8320111979E-02  -4.6679027557E+01
   1   -29   0    0   8.0313352556E-03   8.6643398609E+01   1.6668650440E-01   1.6804892617E-01   8.6637996987E+01   9.3557781768E-01   6.8336793531E-02  -4.6679027557E+01
   1   -30   0    0   8.3245834483E-03   8.6637778223E+01   1.6672895823E-01   1.6819525769E-01   8.6632377573E+01   9.3542026087E-01   6.8353475420E-02  -4.6679027557E+01
   1   -31   0    0   8.5953953319E-03   8.6632156368E+01   1.6676863062E-01   1.6833448284E-01   8.6626756628E+01   9.3527015031E-01   6.8370158280E-02  -4.6679027557E+01
   1   -32   0    0   8.9686974534E-03   8.6623721591E+01   1.6682405886E-01   1.6853289708E-01   8.6618323127E+01   9.3505587710E-01   6.8395185503E-02  -4.6679027557E+01
   1   -33   0    0   9.3108918396E-03   8.6615285075E+01   1.6687563120E-01   1.6872146309E-01   8.6609887801E+01   9.3485186260E-01   6.8420217391E-02  -4.6679027557E+01
   1   -34   0    0   9.6284269354E-03   8.6606847281E+01   1.6692414734E-01   1.6890222534E-01   8.6601451130E+01   9.3465594658E-01   6.8445254947E-02  -4.6679027557E+01
   1   -35   0    0   1.0067956477E-02   8.6594188817E+01   1.6699236484E-01   1.6916173734E-01   8.6588794251E+01   9.3437408931E-01   6.8482823545E-02  -4.6679027557E+01
   1   -36   0    0   1.0472250104E-02   8.6581528776E+01   1.6705621718E-01   1.6941011140E-01   8.6576135701E+01   9.3410367800E-01   6.8520408493E-02  -4.6679027557E+01
   1   -37   0    0   1.0848280420E-02   8.6568867560E+01   1.6711656928E-01   1.6964955884E-01   8.6563475900E+01   9.3384238257E-01   6.8558011179E-02  -4.6679027557E+01
   1   -38   0    0   1.1369753415E-02   8.6549874081E+01   1.6720182732E-01   1.6999529788E-01   8.6544484431E+01   9.3346405326E-01   6.8614450679E-02  -4.6679027557E+01
   1   -39   0    0   1.1850078934E-02   8.6530879116E+01   1.6728199440E-01   1.7032807091E-01   8.6525491369E+01   9.3309874736E-01   6.8670934957E-02  -4.6679027557E+01
   1   -40   0    0   1.2297149008E-02   8.6511883030E+01   1.6735804980E-01   1.7065038121E-01   8.6506497100E+01   9.3274383804E-01   6.8727465869E-02  -4.6679027557E+01
   1   -41   0    0   1.2917331895E-02   8.6483387313E+01   1.6746590418E-01   1.7111801373E-01   8.6478003981E+01   9.3222700350E-01   6.8812352644E-02  -4.6679027557E+01
   1   -42   0    0   1.3488497278E-02   8.6454890158E+01   1.6756771005E-01   1.7157029092E-01   8.6449509303E+01   9.3172499501E-01   6.8897350889E-02  -4.6679027557E+01
   1   -43   0    0   1.4019841659E-02   8.6426391913E+01   1.6766460899E-01   1.7201012977E-01   8.6421013437E+01   9.3123477035E-01   6.8982463125E-02  -4.6679027557E+01
   1   -44   0    0   1.4756203289E-02   8.6383642993E+01   1.6780249619E-01   1.7265100954E-01   8.6378267942E+01   9.3051690642E-01   6.9110349304E-02  -4.6679027557E+01
   1   -45   0    0   1.5433355208E-02   8.6340892661E+01   1.6793311576E-01   1.7327354075E-01   8.6335520902E+01   9.2981554521E-01   6.9238501078E-02  -4.6679027557E+01
   1   -46   0    0   1.6062224633E-02   8.6298141256E+01   1.6805782487E-01   1.7388118872E-01   8.6292772682E+01   9.2912710491E-01   6.9366922102E-02  -4.6679027557E+01
   1   -47   0    0   1.6931733160E-02   8.6234012616E+01   1.6823588539E-01   1.7477006090E-01   8.6228648669E+01   9.2811320809E-01   6.9560064647E-02  -4.6679027557E+01
   1   -48   0    0   1.7728978129E-02   8.6169882584E+01   1.6840516664E-01   1.7563697861E-01   8.6164523125E+01   9.2711653236E-01   6.9753827069E-02  -4.6679027557E+01
   1   -49   0    0   1.8467125763E-02   8.6105751494E+01   1.6856730539E-01   1.7648611591E-01   8.6100396418E+01   9.2613281835E-01   6.9948215504E-02  -4.6679027557E+01
   1   -50   0    0   1.9155735604E-02   8.6041619574E+01   1.6872349050E-01   1.7732050309E-01   8.6036268803E+01   9.2515898911E-01   7.0143235101E-02  -4.6679027557E+01
   1   -51   0    0   2.0111074233E-02   8.5945420481E+01   1.6894850971E-01   1.7854927926E-01   8.5940076060E+01   9.2371187855E-01   7.0436957650E-02  -4.6679027557E+01
   1   -52   0    0   2.0988801390E-02   8.5849220264E+01   1.6916434595E-01   1.7975559619E-01   8.5843882105E+01   9.2227619974E-01   7.0732123779E-02  -4.6679027557E+01
   1   -53   0    0   2.1801847713E-02   8.5753019184E+01   1.6937261014E-01   1.8094355219E-01   8.5747687232E+01   9.2084785986E-01   7.1028745520E-02  -4.6679027557E+01
   1   -54   0    0   2.2559878663E-02   8.5656817424E+01   1.6957450740E-01   1.8211621095E-01   8.5651491649E+01   9.1942381760E-01   7.1326834008E-02  -4.6679027557E+01
   1   -55   0    0   2.3609644816E-02   8.5512513795E+01   1.6986739643E-01   1.8385154931E-01   8.5507197269E+01   9.1729084657E-01   7.1776739823E-02  -4.6679027557E+01
   1   -56   0    0   2.4571091773E-02   8.5368209264E+01   1.7015038871E-01   1.8556371481E-01   8.5362902009E+01   9.1515647916E-01   7.2230003377E-02  -4.6679027557E+01
   1   -57   0    0   2.5458213200E-02   8.5223904060E+01   1.7042523551E-01   1.8725714861E-01   8.5218606131E+01   9.1301638419E-01   7.2686657367E-02  -4.6679027557E+01
   1   -58   0    0   2.6281663933E-02   8.5079598349E+01   1.7069327275E-01   1.8893523559E-01   8.5074309828E+01   9.1086727819E-01   7.3146733742E-02  -4.6679027557E+01
   1   -59   0    0   2.7415251388E-02   8.4863139098E+01   1.7108479680E-01   1.9142925208E-01   8.4857864887E+01   9.0762125741E-01   7.3843334126E-02  -4.6679027557E+01
   1   -60   0    0   2.8445622700E-02   8.4646679299E+01   1.7146603826E-01   1.9390149111E-01   8.4641419677E+01   9.0434267060E-01   7.4547811138E-02  -4.6679027557E+01
   1   -61   0    0   2.9388941922E-02   8.4430219182E+01   1.7183904168E-01   1.9635712228E-01   8.4424974465E+01   9.0102655972E-01   7.5260269851E-02  -4.6679027557E+01
   1   -62   0    0   3.0257687161E-02   8.4213758920E+01   1.7220539253E-01   1.9880015313E-01   8.4208529451E+01   8.9766908882E-01   7.5980815537E-02  -4.6679027557E+01
   1   -63   0    0   3.1180973019E-02   8.3963791027E+01   1.7262181740E-01   2.0160983051E-01   8.3958579622E+01   8.9373646440E-01   7.6823100416E-02  -4.6679027557E+01
   1   -64   0    0   3.2030117987E-02   8.3713823291E+01   1.7303261247E-01   2.0441090107E-01   8.3708630460E+01   8.8974085390E-01   7.7676475153E-02  -4.6679027557E+01
   1   -65   0    0   3.2814905720E-02   8.3463855852E+01   1.7343904418E-01   2.0720657086E-01   8.3458682123E+01   8.8567920482E-01   7.8541105712E-02  -4.6679027557E+01
   1   -66   0    0   3.3543350455E-02   8.3213888829E+01   1.7384215856E-01   2.0999949190E-01   8.3208734743E+01   8.8154900487E-01   7.9417159974E-02  -4.6679027557E+01
   1   -67   0    0   3.4222127842E-02   8.2963922325E+01   1.7424283492E-01   2.1279189810E-01   8.2958788431E+01   8.7734815672E-01   8.0304807909E-02  -4.6679027557E+01
   1   -68   0    0   3.4856878386E-02   8.2713956432E+01   1.7464182368E-01   2.1558570091E-01   8.2708843286E+01   8.7307489138E-01   8.1204221690E-02  -4.6679027557E+01
   1   -69   0    0   3.5452426926E-02   8.2463991234E+01   1.7503977383E-01   2.1838255834E-01   8.2458899396E+01   8.6872770705E-01   8.2115575803E-02  -4.6679027557E+01
   1   -70   0    0   3.6012945045E-02   8.2214026808E+01   1.7543725310E-01   2.2118392611E-01   8.2208956838E+01   8.6430532489E-01   8.3039047119E-02  -4.6679027557E+01
   1   -71   0    0   3.6542073692E-02   8.1964063228E+01   1.7583476336E-01   2.2399109616E-01   8.1959015683E+01   8.5980665671E-01   8.3974814971E-02  -4.6679027557E+01
   1   -72   0    0   3.7043017389E-02   8.1714100562E+01   1.7623275237E-01   2.2680522618E-01   8.1709075999E+01   8.5523078086E-01   8.4923061210E-02  -4.6679027557E+01
   1   -73   0    0   3.7518617760E-02   8.1464138877E+01   1.7663162292E-01   2.2962736266E-01   8.1459137844E+01   8.5057692420E-01   8.5883970263E-02  -4.6679027557E+01
   1   -74   0    0   3.7971411724E-02   8.1214178234E+01   1.7703174017E-01   2.3245845914E-01   8.1209201277E+01   8.4584444839E-01   8.6857729183E-02  -4.6679027557E+01
   1   -75   3    2   3.8220936446E-02   8.1071263735E+01   1.7726119693E-01   2.3408150438E-01   8.1066300783E+01   8.4310312714E-01   8.7420322545E-02  -4.6679027557E+01
   1    76   0    0   3.8642403967E-02   8.0821304855E+01   1.7766393674E-01   2.3692842632E-01   8.0816366816E+01   8.3824608812E-01   8.8414662732E-02  -4.6679027557E+01
   1    77   0    0   3.9046492692E-02   8.0571347173E+01   1.7806872722E-01   2.3978642798E-01   8.0566434564E+01   8.3330934115E-01   8.9422346212E-02  -4.6679027557E+01
   1    78   0    0   3.9434975472E-02   8.0321390744E+01   1.7847583956E-01   2.4265623199E-01   8.0316504074E+01   8.2829265995E-01   9.0443569778E-02  -4.6679027557E+01
   1    79   0    0   3.9809474145E-02   8.0071435625E+01   1.7888552652E-01   2.4553851589E-01   8.0066575386E+01   8.2319592170E-01   9.1478533039E-02  -4.6679027557E+01
   1    80   0    0   4.0171478869E-02   7.9821481870E+01   1.7929802483E-01   2.4843391812E-01   7.9816648540E+01   8.1801910396E-01   9.2527438466E-02  -4.6679027557E+01
   1    81   0    0   4.0522364460E-02   7.9571529532E+01   1.7971355726E-01   2.5134304309E-01   7.9566723573E+01   8.1276228233E-01   9.3590491422E-02  -4.6679027557E+01
   1    82   0    0   4.0863404293E-02   7.9321578662E+01   1.8013233434E-01   2.5426646544E-01   7.9316800517E+01   8.0742562867E-01   9.4667900202E-02  -4.6679027557E+01
   1    83   0    0   4.1195782209E-02   7.9071629312E+01   1.8055455587E-01   2.5720473372E-01   7.9066879404E+01   8.0200940968E-01   9.5759876068E-02  -4.6679027557E+01
   1    84   0    0   4.1520602800E-02   7.8821681529E+01   1.8098041215E-01   2.6015837350E-01   7.8816960263E+01   7.9651398591E-01   9.6866633279E-02  -4.6679027557E+01
   1    85   0    0   4.1838900315E-02   7.8571735363E+01   1.8141008518E-01   2.6312789015E-01   7.8567043119E+01   7.9093981095E-01   9.7988389132E-02  -4.6679027557E+01
   1    86   0    0   4.2151646449E-02   7.8321790859E+01   1.8184374957E-01   2.6611377113E-01   7.8317127996E+01   7.8528743077E-01   9.9125363987E-02  -4.6679027557E+01
   1    87   0    0   4.2459757174E-02   7.8071848063E+01   1.8228157338E-01   2.6911648814E-01   7.8067214913E+01   7.7955748322E-01   1.0027778131E-01  -4.6679027557E+01
   1    88   0    0   4.2764098772E-02   7.7821907018E+01   1.8272371894E-01   2.7213649887E-01   7.7817303887E+01   7.7375069758E-01   1.0144586768E-01  -4.6679027557E+01
   1    89   0    0   4.3065493186E-02   7.7571967765E+01   1.8317034346E-01   2.7517424863E-01   7.7567394933E+01   7.6786789409E-01   1.0262985286E-01  -4.6679027557E+01
   1    90   0    0   4.3364722800E-02   7.7322030346E+01   1.8362159961E-01   2.7823017179E-01   7.7317488063E+01   7.6190998353E-01   1.0382996979E-01  -4.6679027557E+01
   1    91   0    0   4.3662534718E-02   7.7072094798E+01   1.8407763612E-01   2.8130469300E-01   7.7067583285E+01   7.5587796673E-01   1.0504645463E-01  -4.6679027557E+01
   1    92   0    0   4.3959644626E-02   7.6822161159E+01   1.8453859818E-01   2.8439822837E-01   7.6817680605E+01   7.4977293406E-01   1.0627954681E-01  -4.6679027557E+01
   1    93   0    0   4.4256740293E-02   7.6572229462E+01   1.8500462793E-01   2.8751118647E-01   7.6567780023E+01   7.4359606474E-01   1.0752948900E-01  -4.6679027557E+01
   1    94   0    0   4.4554484757E-02   7.6322299741E+01   1.8547586480E-01   2.9064396925E-01   7.6317881541E+01   7.3734862618E-01   1.0879652720E-01  -4.6679027557E+01
   1    95   0    0   4.4853519247E-02   7.6072372026E+01   1.8595244592E-01   2.9379697286E-01   7.6067985153E+01   7.3103197308E-01   1.1008091073E-01  -4.6679027557E+01
   1    96   0    0   4.5154465868E-02   7.5822446347E+01   1.8643450639E-01   2.9697058846E-01   7.5818090852E+01   7.2464754649E-01   1.1138289227E-01  -4.6679027557E+01
   1    97   0    0   4.5457930098E-02   7.5572522728E+01   1.8692217962E-01   3.0016520284E-01   7.5568198627E+01   7.1819687268E-01   1.1270272786E-01  -4.6679027557E+01
   1    98   0    0   4.5764503102E-02   7.5322601195E+01   1.8741559761E-01   3.0338119913E-01   7.5318308465E+01   7.1168156185E-01   1.1404067695E-01  -4.6679027557E+01
   1    99   0    0   4.6074763913E-02   7.5072681769E+01   1.8791489117E-01   3.0661895735E-01   7.5068420349E+01   7.0510330673E-01   1.1539700241E-01  -4.6679027557E+01
   1   100   0    0   4.6389281480E-02   7.4822764470E+01   1.8842019020E-01   3.0987885499E-01   7.4818534257E+01   6.9846388098E-01   1.1677197054E-01  -4.6679027557E+01
   1   101   0    0   4.6708616615E-02   7.4572849315E+01   1.8893162391E-01   3.1316126749E-01   7.4568650167E+01   6.9176513739E-01   1.1816585111E-01  -4.6679027557E+01
   1   102   0    0   4.7033323858E-02   7.4322936319E+01   1.8944932103E-01   3.1646656876E-01   7.4318768050E+01   6.8500900597E-01   1.1957891736E-01  -4.6679027557E+01
   1   103   0    0   4.7363953263E-02   7.4073025495E+01   1.8997341000E-01   3.1979513162E-01   7.4068887879E+01   6.7819749178E-01   1.2101144600E-01  -4.6679027557E+01
   1   104   0    0   4.7701052136E-02   7.3823116853E+01   1.9050401920E-01   3.2314732823E-01   7.3819009618E+01   6.7133267266E-01   1.2246371726E-01  -4.6679027557E+01
   1   105   0    0   4.8045166729E-02   7.3573210400E+01   1.9104127712E-01   3.2652353052E-01   7.3569133232E+01   6.6441669674E-01   1.2393601489E-01  -4.6679027557E+01
   1   106   0    0   4.8396843900E-02   7.3323306142E+01   1.9158531254E-01   3.2992411060E-01   7.3319258681E+01   6.5745177972E-01   1.2542862613E-01  -4.6679027557E+01
   1   107   0    0   4.8756632764E-02   7.3073404083E+01   1.9213625472E-01   3.3334944114E-01   7.3069385924E+01   6.5044020207E-01   1.2694184178E-01  -4.6679027557E+01
   1   108   0    0   4.9125086338E-02   7.2823504223E+01   1.9269423357E-01   3.3679989577E-01   7.2819514917E+01   6.4338430599E-01   1.2847595615E-01  -4.6679027557E+01
   1   109   0    0   4.9502763186E-02   7.2573606562E+01   1.9325937982E-01   3.4027584947E-01   7.2569645610E+01   6.3628649216E-01   1.3003126711E-01  -4.6679027557E+01
   1   110   0    0   4.9890229096E-02   7.2323711097E+01   1.9383182524E-01   3.4377767891E-01   7.2319777956E+01   6.2914921644E-01   1.3160807604E-01  -4.6679027557E+01
   1   111   0    0   5.0288058774E-02   7.2073817822E+01   1.9441170274E-01   3.4730576292E-01   7.2069911900E+01   6.2197498626E-01   1.3320668788E-01  -4.6679027557E+01
   1   112   0    0   5.0696837592E-02   7.1823926731E+01   1.9499914662E-01   3.5086048279E-01   7.1820047391E+01   6.1476635697E-01   1.3482741109E-01  -4.6679027557E+01
   1   113   0    0   5.1117163389E-02   7.1574037815E+01   1.9559429271E-01   3.5444222275E-01   7.1570184370E+01   6.0752592794E-01   1.3647055763E-01  -4.6679027557E+01
   1   114   0    0   5.1549648336E-02   7.1324151065E+01   1.9619727856E-01   3.5805137034E-01   7.1320322781E+01   6.0025633863E-01   1.3813644301E-01  -4.6679027557E+01
   1   115   0    0   5.1994920890E-02   7.1074266468E+01   1.9680824368E-01   3.6168831684E-01   7.1070462563E+01   5.9296026439E-01   1.3982538620E-01  -4.6679027557E+01
   1   116   0    0   5.2453627847E-02   7.0824384011E+01   1.9742732968E-01   3.6535345776E-01   7.0820603657E+01   5.8564041223E-01   1.4153770968E-01  -4.6679027557E+01
   1   117   0    0   5.2926436504E-02   7.0574503682E+01   1.9805468053E-01   3.6904719330E-01   7.0570745999E+01   5.7829951642E-01   1.4327373936E-01  -4.6679027557E+01
   1   118   0    0   5.3414036959E-02   7.0324625466E+01   1.9869044274E-01   3.7276992882E-01   7.0320889527E+01   5.7094033402E-01   1.4503380459E-01  -4.6679027557E+01
   1   119   0    0   5.3917144560E-02   7.0074749346E+01   1.9933476566E-01   3.7652207547E-01   7.0071034178E+01   5.6356564026E-01   1.4681823815E-01  -4.6679027557E+01
   1   120   0    0   5.4436502528E-02   6.9824875307E+01   1.9998780165E-01   3.8030405069E-01   6.9821179889E+01   5.5617822383E-01   1.4862737618E-01  -4.6679027557E+01
   1   121   0    0   5.4972884782E-02   6.9575003334E+01   2.0064970644E-01   3.8411627890E-01   6.9571326594E+01   5.4878088218E-01   1.5046155814E-01  -4.6679027557E+01
   1   122   0    0   5.5527098980E-02   6.9325133409E+01   2.0132063935E-01   3.8795919213E-01   6.9321474232E+01   5.4137641658E-01   1.5232112681E-01  -4.6679027557E+01
   1   123   0    0   5.6099989826E-02   6.9075265517E+01   2.0200076364E-01   3.9183323085E-01   6.9071622738E+01   5.3396762727E-01   1.5420642823E-01  -4.6679027557E+01
   1   124   0    0   5.6692442656E-02   6.8825399643E+01   2.0269024685E-01   3.9573884471E-01   6.8821772050E+01   5.2655730847E-01   1.5611781162E-01  -4.6679027557E+01
   1   125   0    0   5.7305387361E-02   6.8575535773E+01   2.0338926115E-01   3.9967649348E-01   6.8571922108E+01   5.1914824337E-01   1.5805562937E-01  -4.6679027557E+01
   1   126   0    0   5.7939802675E-02   6.8325673892E+01   2.0409798379E-01   4.0364664805E-01   6.8322072851E+01   5.1174319905E-01   1.6002023696E-01  -4.6679027557E+01
   1   127   0    0   5.8596720889E-02   6.8075813989E+01   2.0481659750E-01   4.0764979153E-01   6.8072224221E+01   5.0434492140E-01   1.6201199289E-01  -4.6679027557E+01
   1   128   0    0   5.9277233046E-02   6.7825956053E+01   2.0554529102E-01   4.1168642045E-01   6.7822376163E+01   4.9695613001E-01   1.6403125865E-01  -4.6679027557E+01
   1   129   0    0   5.9982494682E-02   6.7576100076E+01   2.0628425964E-01   4.1575704616E-01   6.7572528621E+01   4.8957951296E-01   1.6607839857E-01  -4.6679027557E+01
   1   130   0    0   6.0713732185E-02   6.7326246052E+01   2.0703370577E-01   4.1986219633E-01   6.7322681547E+01   4.8221772168E-01   1.6815377983E-01  -4.6679027557E+01
   1   131   0    0   6.1472249882E-02   6.7076393978E+01   2.0779383966E-01   4.2400241665E-01   6.7072834891E+01   4.7487336572E-01   1.7025777230E-01  -4.6679027557E+01
   1   132   0    0   6.2259437923E-02   6.6826543852E+01   2.0856488013E-01   4.2817827279E-01   6.6822988608E+01   4.6754900750E-01   1.7239074852E-01  -4.6679027557E+01
   1   133   0    0   6.3076781118E-02   6.6576695678E+01   2.0934705542E-01   4.3239035250E-01   6.6573142659E+01   4.6024715704E-01   1.7455308353E-01  -4.6679027557E+01
   1   134   0    0   6.3925868843E-02   6.6326849463E+01   2.1014060412E-01   4.3663926811E-01   6.6323297006E+01   4.5297026658E-01   1.7674515482E-01  -4.6679027557E+01
   1   135   0    0   6.4808406202E-02   6.6077005218E+01   2.1094577624E-01   4.4092565926E-01   6.6073451618E+01   4.4572072521E-01   1.7896734220E-01  -4.6679027557E+01
   1   136   0    0   6.5726226623E-02   6.5827162958E+01   2.1176283445E-01   4.4525019605E-01   6.5823606466E+01   4.3850085336E-01   1.8122002771E-01  -4.6679027557E+01
   1   137   0    0   6.6681306138E-02   6.5577322706E+01   2.1259205541E-01   4.4961358262E-01   6.5573761530E+01   4.3131289717E-01   1.8350359544E-01  -4.6679027557E+01
   1   138   0    0   6.7675779617E-02   6.5327484488E+01   2.1343373134E-01   4.5401656126E-01   6.5323916793E+01   4.2415902275E-01   1.8581843150E-01  -4.6679027557E+01
   1   139   0    0   6.8711959298E-02   6.5077648338E+01   2.1428817180E-01   4.5845991709E-01   6.5074072247E+01   4.1704131020E-01   1.8816492379E-01  -4.6679027557E+01
   1   140   0    0   6.9792356004E-02   6.4827814295E+01   2.1515570576E-01   4.6294448346E-01   6.4824227888E+01   4.0996174736E-01   1.9054346193E-01  -4.6679027557E+01
   1   141   0    0   7.0919703544E-02   6.4577982409E+01   2.1603668390E-01   4.6747114819E-01   6.4574383722E+01   4.0292222334E-01   1.9295443707E-01  -4.6679027557E+01
   1   142   0    0   7.2096986883E-02   6.4328152736E+01   2.1693148138E-01   4.7204086081E-01   6.4324539764E+01   3.9592452149E-01   1.9539824180E-01  -4.6679027557E+01
   1   143   0    0   7.3327474807E-02   6.4078325343E+01   2.1784050098E-01   4.7665464094E-01   6.4074696036E+01   3.8897031193E-01   1.9787526993E-01  -4.6679027557E+01
   1   144   0    0   7.4614757971E-02   6.3828500308E+01   2.1876417676E-01   4.8131358815E-01   6.3824852572E+01   3.8206114343E-01   2.0038591640E-01  -4.6679027557E+01
   1   145   0    0   7.5962793429E-02   6.3578677722E+01   2.1970297842E-01   4.8601889349E-01   6.3575009417E+01   3.7519843441E-01   2.0293057706E-01  -4.6679027557E+01
   1   146   0    0   7.7375957016E-02   6.3328857687E+01   2.2065741635E-01   4.9077185307E-01   6.3325166630E+01   3.6838346292E-01   2.0550964857E-01  -4.6679027557E+01
   1   147   3    3   7.8500537558E-02   6.3138322667E+01   2.2139621626E-01   4.9442982324E-01   6.3134612758E+01   3.6321850191E-01   2.0750007369E-01  -4.6679027557E+01
   1  -148   0    0   8.0040667668E-02   6.2888507434E+01   2.2237960568E-01   4.9927031985E-01   6.2884770805E+01   3.5649031822E-01   2.1014076863E-01  -4.6679027557E+01
   1  -149   0    0   8.1660747206E-02   6.2638695130E+01   2.2338030689E-01   5.0416274226E-01   6.2634929463E+01   3.4981257338E-01   2.1281697295E-01  -4.6679027557E+01
   1  -150   0    0   8.3367390446E-02   6.2388885932E+01   2.2439904780E-01   5.0910895467E-01   6.2385088856E+01   3.4318590018E-01   2.1552908481E-01  -4.6679027557E+01
   1  -151   0    0   8.5168056788E-02   6.2139080045E+01   2.2543663847E-01   5.1411103767E-01   6.2135249136E+01   3.3661071798E-01   2.1827750242E-01  -4.6679027557E+01
   1  -152   0    0   8.7071201155E-02   6.1889277708E+01   2.2649398580E-01   5.1917132764E-01   6.1885410482E+01   3.3008720832E-01   2.2106262393E-01  -4.6679027557E+01
   1  -153   0    0   8.9086459166E-02   6.1639479197E+01   2.2757211156E-01   5.2429246524E-01   6.1635573111E+01   3.2361528517E-01   2.2388484731E-01  -4.6679027557E+01
   1  -154   0    0   9.1224877139E-02   6.1389684837E+01   2.2867217479E-01   5.2947745569E-01   6.1385737282E+01   3.1719455838E-01   2.2674457032E-01  -4.6679027557E+01
   1  -155   0    0   9.3499200644E-02   6.1139895014E+01   2.2979550001E-01   5.3472974445E-01   6.1135903307E+01   3.1082428803E-01   2.2964219044E-01  -4.6679027557E+01
   1  -156   0    0   9.5924240423E-02   6.0890110183E+01   2.3094361289E-01   5.4005331312E-01   6.0886071565E+01   3.0450332681E-01   2.3257810492E-01  -4.6679027557E+01
   1  -157   0    0   9.8517341960E-02   6.0640330894E+01   2.3211828610E-01   5.4545280253E-01   6.0636242520E+01   2.9823004628E-01   2.3555271092E-01  -4.6679027557E+01
   1  -158   0    0   1.0129899611E-01   6.0390557815E+01   2.3332159891E-01   5.5093367268E-01   6.0386416743E+01   2.9200224124E-01   2.3856640570E-01  -4.6679027557E+01
   1  -159   0    0   1.0429364490E-01   6.0140791767E+01   2.3455601591E-01   5.5650241377E-01   6.0136594945E+01   2.8581700371E-01   2.4161958701E-01  -4.6679027557E+01
   1  -160   0    0   1.0753076258E-01   5.9891033778E+01   2.3582449254E-01   5.6216682898E-01   5.9886778026E+01   2.7967055416E-01   2.4471265370E-01  -4.6679027557E+01
   1  -161   0    0   1.1104633338E-01   5.9641285148E+01   2.3713061939E-01   5.6793642078E-01   5.9636967141E+01   2.7355801128E-01   2.4784600653E-01  -4.6679027557E+01
   1  -162   0    0   1.1488491501E-01   5.9391547566E+01   2.3847882368E-01   5.7382292963E-01   5.9387163802E+01   2.6747307117E-01   2.5102004951E-01  -4.6679027557E+01
   1  -163   0    0   1.1910259164E-01   5.9141823264E+01   2.3987465756E-01   5.7984110396E-01   5.9137370029E+01   2.6140754936E-01   2.5423519166E-01  -4.6679027557E+01
   1  -164   0    0   1.2377132248E-01   5.8892115274E+01   2.4132522256E-01   5.8600983234E-01   5.8887588591E+01   2.5535070883E-01   2.5749184974E-01  -4.6679027557E+01
   1  -165   0    0   1.2898556539E-01   5.8642427848E+01   2.4283981592E-01   5.9235386500E-01   5.8637823403E+01   2.4928824053E-01   2.6079045194E-01  -4.6679027557E+01
   1  -166   0    0   1.3487278289E-01   5.8392767172E+01   2.4443095547E-01   5.9890653902E-01   5.8388080209E+01   2.4320065451E-01   2.6413144338E-01  -4.6679027557E+01
   1  -167   0    0   1.4161095318E-01   5.8143142663E+01   2.4611608705E-01   6.0571431054E-01   5.8138367827E+01   2.3706061497E-01   2.6751529373E-01  -4.6679027557E+01
   1  -168   0    0   1.4945963038E-01   5.7893569525E+01   2.4792061150E-01   6.1284477310E-01   5.7888700603E+01   2.3082824910E-01   2.7094250740E-01  -4.6679027557E+01
   1  -169   0    0   1.5881966324E-01   5.7644074238E+01   2.4988370051E-01   6.2040202806E-01   5.7639103715E+01   2.2444221123E-01   2.7441363455E-01  -4.6679027557E+01
   1  -170   0    0   1.7036127221E-01   5.7394708026E+01   2.5207075879E-01   6.2855953082E-01   5.7389626247E+01   2.1780074155E-01   2.7792926956E-01  -4.6679027557E+01
   1  -171   0    0   1.8534581032E-01   5.7145586706E+01   2.5460469398E-01   6.3764223837E-01   5.7140380043E+01   2.1071479447E-01   2.8148995697E-01  -4.6679027557E+01
   1  -172   9    4   2.0666994813E-01   5.6897050794E+01   2.5776721072E-01   6.4839157561E-01   5.6891696607E+01   2.0275907747E-01   2.8509542538E-01  -4.6679027557E+01
